==============================
33
40
62
71
==============================
12
15
26
46
==============================
22
77
87
208
==============================
4
57
183
214
==============================
17
32
55
133
==============================
19
44
47
51
==============================
3
13
37
227
==============================
1
28
61
145
==============================
17
29
43
178
==============================
15
26
109
217
==============================
54
75
119
186
==============================
26
56
71
115
==============================
16
34
88
253
==============================
4
47
163
345
==============================
80
111
179
180
==============================
1
54
99
126
==============================
44
118
131
183
==============================
26
30
34
220
==============================
19
78
131
143
==============================
24
83
335
372
==============================
13
57
262
285
==============================
24
93
131
335
==============================
1
17
90
174
==============================
6
20
86
344
==============================
20
32
79
110
==============================
24
54
106
146
==============================
42
42
43
336
==============================
18
22
95
140
==============================
27
46
62
164
==============================
33
69
89
139
==============================
63
104
105
350
==============================
16
39
55
==============================
27
37
433
==============================
13
22
37
238
==============================
37
115
199
350
==============================
7
30
30
64
==============================
47
79
85
164
==============================
16
16
38
271
==============================
44
75
216
251
==============================
5
5
13
111
==============================
27
51
82
159
==============================
21
42
71
121
==============================
36
52
52
100
==============================
21
56
95
178
==============================
7
77
100
151
==============================
19
52
109
182
==============================
1
19
38
53
==============================
50
70
72
250
==============================
26
36
52
82
==============================
7
7
32
367
==============================
66
96
128
234
==============================
58
64
70
142
==============================
5
6
12
258
==============================
72
139
148
340
==============================
4
42
55
380
==============================
22
43
164
307
==============================
23
60
75
188
==============================
10
70
112
124
==============================
36
88
100
158
==============================
3
29
67
184
==============================
12
26
77
171
==============================
44
62
136
383
==============================
15
39
50
107
==============================
50
212
227
238
==============================
36
42
58
116
==============================
16
20
20
39
==============================
14
90
101
115
==============================
31
43
77
84
==============================
2
49
54
185
==============================
26
85
87
152
==============================
5
6
48
84
==============================
19
36
74
269
==============================
7
39
48
105
==============================
14
68
215
252
==============================
63
179
195
403
==============================
12
115
129
324
==============================
5
37
43
202
==============================
37
76
84
91
==============================
26
28
29
167
==============================
13
21
52
222
==============================
13
25
30
128
==============================
42
58
127
169
==============================
30
40
58
163
==============================
27
79
150
229
==============================
29
44
67
232
==============================
1
93
102
142
==============================
11
31
33
163
==============================
24
33
36
324
==============================
98
119
146
366
==============================
107
126
164
208
==============================
67
72
90
325
==============================
20
45
57
86
==============================
26
102
125
142
==============================
6
115
225
344
==============================
16
20
52
88
==============================
50
57
82
83
==============================
12
15
75
237
==============================
22
61
88
178
==============================
75
144
230
==============================
9
50
91
136
==============================
8
31
42
145
==============================
2
82
97
142
==============================
58
93
111
372
==============================
6
10
67
244
==============================
17
113
128
189
==============================
31
49
72
122
==============================
50
136
183
235
==============================
19
25
238
263
==============================
13
34
66
165
==============================
3
78
100
278
==============================
20
48
69
124
==============================
15
18
18
77
==============================
34
135
202
330
==============================
42
56
122
436
==============================
5
73
154
271
==============================
16
40
41
85
==============================
38
53
72
161
==============================
22
65
203
224
==============================
9
17
58
218
==============================
13
27
67
==============================
49
95
118
163
==============================
36
37
106
191
==============================
32
34
44
210
==============================
23
24
25
39
==============================
50
56
105
144
==============================
5
29
73
91
==============================
11
16
22
49
==============================
11
16
49
90
==============================
15
16
26
57
==============================
28
47
106
146
==============================
37
54
260
391
==============================
7
52
139
172
==============================
6
16
17
381
==============================
3
23
75
76
==============================
4
5
43
65
==============================
3
66
157
385
==============================
28
48
92
437
==============================
16
23
33
115
==============================
10
35
113
143
==============================
13
79
112
125
==============================
8
91
165
209
==============================
55
82
188
216
==============================
44
61
132
171
==============================
5
43
72
146
==============================
24
26
31
75
==============================
38
41
141
160
==============================
8
36
114
175
==============================
19
39
125
159
==============================
24
30
42
146
==============================
31
71
120
395
==============================
11
20
28
150
==============================
29
60
161
237
==============================
12
31
142
158
==============================
7
25
114
156
==============================
33
70
111
316
==============================
10
100
152
337
==============================
2
64
105
225
==============================
17
45
113
122
==============================
40
56
62
97
==============================
10
62
103
247
==============================
39
51
80
83
==============================
14
16
22
25
==============================
22
47
256
486
==============================
20
36
60
131
==============================
31
97
323
==============================
7
35
50
283
==============================
11
39
45
86
==============================
6
25
82
126
==============================
39
46
63
76
==============================
82
160
165
373
==============================
11
92
110
180
==============================
66
97
104
203
==============================
60
63
102
225
==============================
18
19
49
83
==============================
22
40
86
95
==============================
9
42
81
92
==============================
16
31
72
95
==============================
5
56
291
392
==============================
13
27
49
166
==============================
19
65
120
159
==============================
6
48
69
144
==============================
32
51
154
240
==============================
21
31
33
304
==============================
7
14
55
70
==============================
67
72
124
275
==============================
65
78
162
389
==============================
1
36
95
167
==============================
7
33
38
131
==============================
11
52
127
366
==============================
7
14
112
161
==============================
6
119
153
324
==============================
52
111
230
==============================
14
20
28
72
==============================
72
103
212
329
==============================
5
53
89
117
==============================
7
7
11
110
==============================
1
50
91
169
==============================
20
56
84
171
==============================
38
122
178
339
==============================
24
26
46
181
==============================
13
26
76
163
==============================
18
71
171
178
==============================
63
74
105
133
==============================
15
15
85
89
==============================
2
25
28
173
==============================
33
64
115
142
==============================
18
33
36
152
==============================
5
221
281
399
==============================
30
77
101
130
==============================
120
138
140
263
==============================
3
9
41
254
==============================
14
47
58
92
==============================
7
42
79
119
==============================
26
43
443
488
==============================
55
117
237
352
==============================
14
18
68
221
==============================
5
98
176
==============================
31
150
194
375
==============================
12
12
70
283
==============================
50
96
159
345
==============================
8
15
102
290
==============================
6
13
14
20
==============================
6
21
44
460
==============================
14
125
152
336
==============================
4
26
42
161
==============================
19
145
173
198
==============================
2
90
110
396
==============================
79
83
121
159
==============================
12
19
24
248
==============================
14
40
53
293
==============================
39
108
182
448
==============================
18
19
61
109
==============================
40
50
96
213
==============================
4
69
240
==============================
67
90
107
186
==============================
15
22
24
52
==============================
56
61
64
220
==============================
20
42
57
65
==============================
8
13
185
268
==============================
2
4
15
116
==============================
8
107
216
451
==============================
2
34
38
50
==============================
43
70
86
184
==============================
58
91
95
247
==============================
32
32
66
76
==============================
45
51
52
265
==============================
18
31
44
130
==============================
24
53
58
146
==============================
15
74
102
137
==============================
13
50
145
150
==============================
21
52
114
160
==============================
18
39
121
324
==============================
35
36
213
213
==============================
15
38
42
180
==============================
17
33
58
79
==============================
23
55
131
255
==============================
4
6
316
368
==============================
28
35
38
174
==============================
82
103
125
160
==============================
35
50
132
224
==============================
18
19
48
186
==============================
39
51
133
165
==============================
27
31
45
72
==============================
26
59
126
135
==============================
90
141
169
==============================
60
65
108
119
==============================
34
51
56
64
==============================
9
12
22
239
==============================
6
39
53
66
==============================
12
31
93
103
==============================
10
39
62
83
==============================
10
10
146
161
==============================
4
35
83
127
==============================
15
85
236
395
==============================
92
97
214
241
==============================
2
11
62
125
==============================
5
10
43
89
==============================
19
33
41
54
==============================
24
32
77
141
==============================
14
52
100
202
==============================
27
40
82
322
==============================
51
98
136
136
==============================
21
53
65
75
==============================
32
65
245
266
==============================
14
59
175
179
==============================
36
38
149
151
==============================
4
10
157
182
==============================
17
39
69
379
==============================
3
179
223
431
==============================
4
22
105
141
==============================
7
8
91
==============================
28
31
65
77
==============================
24
107
235
274
==============================
26
114
134
194
==============================
32
51
91
123
==============================
22
134
148
244
==============================
2
2
8
290
==============================
5
126
166
174
==============================
19
86
113
126
==============================
18
19
41
275
==============================
49
121
135
199
==============================
34
60
79
179
==============================
10
31
75
199
==============================
67
102
115
134
==============================
9
45
84
101
==============================
2
47
231
247
==============================
4
18
94
176
==============================
58
72
72
166
==============================
79
84
261
==============================
33
43
104
183
==============================
9
74
135
225
==============================
13
36
47
53
==============================
38
82
96
202
==============================
26
45
59
104
==============================
3
42
54
76
==============================
3
19
23
188
==============================
51
60
65
67
==============================
11
51
226
227
==============================
70
71
138
228
==============================
46
243
315
352
==============================
21
28
44
283
==============================
3
16
30
240
==============================
54
93
114
==============================
31
77
100
144
==============================
10
10
109
140
==============================
41
107
169
259
==============================
58
163
169
266
==============================
17
110
179
==============================
7
27
207
295
==============================
9
123
123
142
==============================
97
100
106
122
==============================
5
16
20
167
==============================
7
37
51
76
==============================
2
36
52
101
==============================
66
75
120
==============================
29
39
101
155
==============================
46
72
79
89
==============================
16
25
49
294
==============================
3
37
82
133
==============================
4
6
32
56
==============================
3
43
130
133
==============================
5
86
119
145
==============================
18
39
54
109
==============================
7
8
165
200
==============================
32
75
116
206
==============================
8
79
206
367
==============================
99
125
127
==============================
36
61
80
91
==============================
3
43
46
==============================
38
64
102
104
==============================
19
24
51
53
==============================
5
6
16
137
==============================
40
46
77
79
==============================
1
7
36
145
==============================
2
12
51
81
==============================
21
32
51
450
==============================
98
121
142
171
==============================
18
36
78
153
==============================
27
88
158
195
==============================
8
75
108
==============================
30
74
150
247
==============================
23
31
48
72
==============================
33
77
119
137
==============================
170
186
273
401
==============================
25
35
52
86
==============================
1
5
17
42
==============================
9
60
163
372
==============================
6
107
204
388
==============================
33
78
112
153
==============================
82
111
171
171
==============================
5
26
106
240
==============================
13
16
35
167
==============================
4
24
58
154
==============================
41
111
134
410
==============================
3
17
36
221
==============================
1
15
28
121
==============================
37
44
54
124
==============================
71
72
92
==============================
13
63
68
101
==============================
45
47
60
176
==============================
10
44
85
128
==============================
42
43
63
68
==============================
2
63
86
242
==============================
90
92
112
207
==============================
30
53
58
141
==============================
54
63
156
249
==============================
7
42
134
165
==============================
3
38
44
145
==============================
22
74
119
155
==============================
54
63
94
135
==============================
32
33
79
264
==============================
22
53
66
148
==============================
18
86
114
223
==============================
6
20
50
66
==============================
14
74
98
233
==============================
19
49
106
246
==============================
1
66
179
203
==============================
3
65
65
404
==============================
24
58
90
==============================
72
86
277
407
==============================
1
10
51
64
==============================
69
99
171
293
==============================
27
109
200
277
==============================
13
20
85
321
==============================
5
9
9
70
==============================
25
72
151
296
==============================
40
45
306
471
==============================
37
82
159
176
==============================
32
34
81
376
==============================
8
70
72
211
==============================
29
53
138
248
==============================
31
55
132
184
==============================
7
34
63
107
==============================
1
15
39
42
==============================
1
9
34
186
==============================
20
110
139
295
==============================
20
38
79
101
==============================
6
46
53
258
==============================
65
88
231
278
==============================
2
26
51
77
==============================
22
42
241
295
==============================
38
133
302
350
==============================
21
47
98
196
==============================
2
91
120
184
==============================
3
9
89
156
==============================
24
113
145
160
==============================
6
47
60
103
==============================
13
57
79
332
==============================
23
84
114
119
==============================
62
82
106
159
==============================
1
12
176
267
==============================
87
108
185
187
==============================
14
59
69
319
==============================
1
7
46
55
==============================
44
119
143
324
==============================
7
30
66
167
==============================
70
77
149
170
==============================
35
62
103
117
==============================
113
120
127
130
==============================
52
84
118
148
==============================
13
23
68
83
==============================
42
54
98
119
==============================
11
61
73
110
==============================
3
6
43
61
==============================
14
26
29
77
==============================
12
67
94
376
==============================
39
70
94
220
==============================
8
76
140
388
==============================
6
66
133
138
==============================
18
28
69
85
==============================
19
30
32
168
==============================
3
15
30
93
==============================
13
38
91
393
==============================
4
42
43
66
==============================
53
54
64
==============================
15
64
88
190
==============================
1
104
111
211
==============================
12
56
115
195
==============================
33
36
55
61
==============================
21
36
98
164
==============================
4
9
50
104
==============================
69
78
104
161
==============================
3
11
143
197
==============================
23
92
168
347
==============================
7
45
62
232
==============================
3
56
62
167
==============================
13
16
23
188
==============================
12
37
136
249
==============================
18
50
89
155
==============================
2
32
72
112
==============================
55
59
74
75
==============================
8
127
131
205
==============================
29
51
65
207
==============================
26
39
92
470
==============================
1
10
105
141
==============================
7
13
21
149
==============================
12
61
87
222
==============================
20
84
100
134
==============================
36
62
136
398
==============================
49
104
124
155
==============================
38
49
131
279
==============================
61
73
209
314
==============================
65
69
150
163
==============================
14
19
40
67
==============================
7
23
52
75
==============================
9
28
36
181
==============================
21
35
58
290
==============================
6
19
24
37
==============================
11
60
66
269
==============================
63
69
119
183
==============================
4
30
63
251
==============================
2
9
30
107
==============================
2
35
44
196
==============================
10
93
107
152
==============================
2
15
98
301
==============================
12
100
150
185
==============================
13
15
28
203
==============================
7
25
102
181
==============================
3
48
157
196
==============================
68
90
97
171
=============================