==============================
470
1256
1288
2402
==============================
844
1719
1936
2294
==============================
377
1159
1514
1961
==============================
304
330
408
547
==============================
159
586
722
1980
==============================
84
478
645
2385
==============================
172
193
247
406
==============================
221
268
1091
1177
==============================
70
181
556
2226
==============================
288
288
396
2118
==============================
119
894
2753
2911
==============================
74
369
422
470
==============================
327
380
436
1793
==============================
385
388
478
1337
==============================
19
264
343
423
==============================
120
167
239
1792
==============================
8
292
1136
2254
==============================
483
509
1315
2043
==============================
336
1000
1261
1685
==============================
236
425
875
2398
==============================
45
429
671
1706
==============================
296
521
958
1212
==============================
305
313
409
1071
==============================
315
431
698
1476
==============================
210
1589
2724
4009
==============================
375
769
1938
2830
==============================
161
352
533
664
==============================
205
206
235
1403
==============================
687
3102
3610
4663
==============================
553
788
1266
2683
==============================
280
628
706
1232
==============================
103
271
304
2397
==============================
195
1087
1838
2629
==============================
425
653
989
2379
==============================
107
555
1090
2991
==============================
317
438
926
1977
==============================
73
788
1264
2363
==============================
56
436
646
3840
==============================
115
369
568
==============================
126
215
689
894
==============================
28
55
351
559
==============================
583
847
1454
2031
==============================
84
92
1075
2450
==============================
938
1017
1669
2312
==============================
593
742
1157
1831
==============================
111
392
436
770
==============================
34
809
890
2823
==============================
38
205
320
1261
==============================
97
852
1436
1907
==============================
91
802
875
970
==============================
572
615
675
696
==============================
71
88
356
4877
==============================
157
873
1705
==============================
433
902
992
1595
==============================
62
202
480
1002
==============================
690
822
1344
1741
==============================
8
297
372
761
==============================
187
206
246
451
==============================
23
78
675
1677
==============================
1115
2611
2838
4074
==============================
746
1543
1743
1947
==============================
445
784
1653
3452
==============================
236
946
1389
2032
==============================
656
739
1259
4981
==============================
40
189
624
1378
==============================
1038
1611
2309
2664
==============================
74
831
843
1710
==============================
549
686
924
1138
==============================
34
98
662
1246
==============================
116
165
176
271
==============================
168
312
1499
3663
==============================
128
780
920
1342
==============================
102
209
381
994
==============================
340
976
1489
1526
==============================
789
3156
3469
4565
==============================
93
327
415
1265
==============================
25
93
1118
3635
==============================
3
202
372
798
==============================
159
809
816
895
==============================
266
574
905
3176
==============================
5
2329
3070
3251
==============================
113
708
817
886
==============================
285
934
1736
2177
==============================
1
348
517
568
==============================
115
145
1123
1861
==============================
360
554
1188
4072
==============================
71
121
740
1141
==============================
55
174
269
398
==============================
232
289
814
1611
==============================
305
352
388
766
==============================
15
477
1042
3818
==============================
218
300
415
731
==============================
51
76
262
1853
==============================
185
282
470
663
==============================
81
256
857
1218
==============================
130
166
2242
2313
==============================
215
903
2165
4355
==============================
182
276
383
395
==============================
119
667
1958
3407
==============================
10
165
686
1705
==============================
24
143
453
1108
==============================
58
363
418
2417
==============================
67
767
1149
2089
==============================
254
311
550
1574
==============================
122
185
404
707
==============================
132
174
639
929
==============================
688
1024
1136
1164
==============================
5
174
179
1262
==============================
22
116
137
1152
==============================
234
440
786
2990
==============================
182
813
958
3935
==============================
66
638
1005
1727
==============================
315
617
719
901
==============================
472
683
834
1179
==============================
174
843
1097
3556
==============================
206
345
722
2771
==============================
91
1704
2621
3574
==============================
265
1125
1139
1296
==============================
100
923
1424
1479
==============================
48
714
2368
4395
==============================
160
626
3988
4360
==============================
255
874
1365
1477
==============================
353
732
1456
1556
==============================
388
470
956
3451
==============================
243
472
891
3517
==============================
190
214
319
579
==============================
641
726
1333
1888
==============================
374
578
722
2214
==============================
193
319
784
==============================
143
744
788
2085
==============================
113
290
754
1294
==============================
733
1082
1091
1630
==============================
88
339
455
1433
==============================
6
89
275
1670
==============================
341
701
1267
1672
==============================
44
235
246
1938
==============================
238
715
997
1458
==============================
53
372
1471
3992
==============================
58
1448
1487
1851
==============================
347
1140
1226
1936
==============================
69
115
1153
1325
==============================
99
680
1234
1442
==============================
27
150
556
4439
==============================
403
860
1419
1865
==============================
216
343
1232
2382
==============================
866
1365
1371
1678
==============================
87
194
667
1079
==============================
111
285
1988
3336
==============================
141
1422
1611
2467
==============================
144
427
1095
1111
==============================
43
255
601
1122
==============================
85
774
1594
1803
==============================
343
2598
2933
3126
==============================
235
431
3988
4318
==============================
321
737
838
1511
==============================
15
323
672
1100
==============================
907
1030
1148
1826
==============================
493
576
917
2054
==============================
258
333
2181
3904
==============================
51
73
709
1644
==============================
701
762
2142
2676
==============================
995
1354
1728
3886
==============================
248
316
547
1263
==============================
284
329
405
1771
==============================
434
473
682
684
==============================
3
140
199
671
==============================
293
299
678
1560
==============================
17
66
893
4300
==============================
393
448
477
779
==============================
227
924
1103
1365
==============================
11
1014
1623
2134
==============================
63
165
605
1797
==============================
49
604
1172
1757
==============================
2
171
707
4958
==============================
147
235
558
863
==============================
7
193
602
1472
==============================
260
400
612
1389
==============================
108
584
1751
2212
==============================
540
805
1110
4238
==============================
212
227
274
2674
==============================
242
278
382
2629
==============================
189
326
1225
1319
==============================
7
20
169
3964
==============================
307
787
833
942
==============================
47
332
647
1273
==============================
486
805
1983
4633
==============================
30
278
1546
3003
==============================
332
898
1907
2967
==============================
236
1399
3322
4753
==============================
281
502
627
1259
==============================
118
729
863
2535
==============================
2
473
596
1024
==============================
14
326
1266
2552
==============================
268
421
574
834
==============================
220
542
1589
1740
==============================
109
154
317
1246
==============================
48
567
956
2093
==============================
430
508
617
3015
==============================
337
368
753
1542
==============================
1235
1390
2150
2526
==============================
86
352
415
871
==============================
88
92
478
559
==============================
78
350
494
1921
==============================
159
361
886
1009
==============================
122
259
757
2352
==============================
348
352
2122
2910
==============================
71
156
1385
1621
==============================
49
1118
1176
1941
==============================
207
396
1160
4918
==============================
378
768
895
1270
==============================
24
361
824
1903
==============================
225
1834
1933
2290
==============================
679
722
913
980
==============================
329
557
1206
2147
==============================
369
448
1366
1905
==============================
8
78
494
2510
==============================
53
309
784
1535
==============================
31
305
442
982
==============================
218
1819
2347
4514
==============================
5
19
909
1435
==============================
45
707
974
2630
==============================
179
275
1185
1580
==============================
691
1326
1760
3353
==============================
222
264
1333
4872
==============================
339
386
507
691
==============================
485
654
747
1305
==============================
238
1822
2834
3308
==============================
41
115
720
1573
==============================
439
1001
1337
1531
==============================
108
311
640
4027
==============================
131
557
2618
2686
==============================
62
84
1326
1455
==============================
659
733
885
1221
==============================
427
430
2042
2838
==============================
28
269
593
1213
==============================
168
310
595
3525
==============================
143
309
565
730
==============================
202
434
1028
1372
==============================
25
84
2019
3253
==============================
330
514
2806
2981
==============================
41
104
1557
1878
==============================
310
934
1782
1845
==============================
364
610
1489
1535
==============================
20
69
462
1553
==============================
13
284
1032
1468
==============================
45
277
294
1090
==============================
123
298
506
1925
==============================
211
248
535
1933
==============================
88
259
409
503
==============================
271
1475
1897
2992
==============================
342
689
991
1255
==============================
237
542
747
2371
==============================
103
197
264
1836
==============================
371
499
511
1376
==============================
160
654
1207
1836
==============================
1314
1356
2081
2169
==============================
567
658
1707
3151
==============================
32
1723
1733
3030
==============================
319
323
2345
3056
==============================
131
634
1045
1939
==============================
248
471
542
1868
==============================
340
392
433
4031
==============================
52
507
1205
3650
==============================
105
962
1118
1136
==============================
313
741
756
1051
==============================
47
558
1140
3050
==============================
76
701
1141
1496
==============================
294
369
768
1375
==============================
92
528
740
907
==============================
627
856
888
951
==============================
280
795
1458
2262
==============================
120
707
724
1813
==============================
474
816
1062
1552
==============================
358
840
1122
1560
==============================
176
850
1322
2300
==============================
120
348
516
2949
==============================
162
633
1032
2220
==============================
455
546
1467
2924
==============================
255
552
970
1131
==============================
176
363
528
985
==============================
289
985
1662
1992
==============================
24
69
325
1233
==============================
200
1044
1402
2123
==============================
234
883
1876
1944
==============================
268
607
1320
4552
==============================
217
396
712
795
==============================
434
649
1637
2345
==============================
565
1573
2408
==============================
329
923
1118
1210
==============================
21
500
1480
2377
==============================
1106
1109
1365
2905
==============================
174
459
718
1674
==============================
10
16
224
2994
==============================
159
932
1196
1215
==============================
645
676
2028
3530
==============================
268
366
384
1093
==============================
489
896
1991
3851
==============================
127
811
1566
2331
==============================
79
191
1010
1573
==============================
14
55
676
1766
==============================
347
359
473
537
==============================
148
702
1072
1537
==============================
105
1206
1295
2171
==============================
182
196
1222
1532
==============================
182
1049
1341
3605
==============================
124
260
490
3122
==============================
113
322
349
938
==============================
38
251
1870
2175
==============================
596
709
723
1886
==============================
2
282
293
770
==============================
254
374
1489
2220
==============================
755
1871
2286
2308
==============================
15
1279
1640
1886
==============================
153
562
839
1993
==============================
46
421
537
2847
==============================
271
835
2825
==============================
66
506
708
1047
==============================
808
916
1000
3073
==============================
410
1231
1675
2172
==============================
219
291
482
1330
==============================
47
602
844
2150
==============================
97
1057
1508
3423
==============================
247
683
1067
1337
==============================
12
225
553
1561
==============================
93
108
633
1473
==============================
479
687
1204
2887
==============================
127
352
1217
1222
==============================
560
695
1077
1128
==============================
114
293
382
868
==============================
67
388
756
2685
==============================
533
622
784
1272
==============================
204
255
485
639
==============================
126
1382
1476
1816
==============================
302
957
1338
3767
==============================
931
1384
2087
2285
==============================
1190
1378
1378
1974
==============================
158
425
1462
1470
==============================
154
1010
2932
3635
==============================
291
612
647
2265
==============================
363
985
1760
2842
==============================
145
228
541
615
==============================
189
410
423
1712
==============================
622
783
865
1255
==============================
98
770
1439
2675
==============================
307
349
986
3262
==============================
100
383
763
2268
==============================
967
1106
1302
3780
==============================
105
816
931
1144
==============================
34
230
429
592
==============================
126
209
450
2251
==============================
453
610
3528
4333
==============================
297
875
2012
4207
==============================
38
130
1181
2823
==============================
242
821
1590
4002
==============================
82
1049
1663
3411
==============================
310
450
469
1478
==============================
604
692
890
1428
==============================
499
1212
1403
==============================
18
177
460
832
==============================
67
150
544
779
==============================
211
491
579
1402
==============================
352
431
1030
1343
==============================
584
2141
2477
==============================
332
637
781
963
==============================
559
1403
1431
1968
==============================
421
1000
1086
1346
==============================
302
370
1026
1217
==============================
260
1411
1689
1845
==============================
400
621
1615
2543
==============================
62
217
408
486
==============================
304
2162
2187
2574
==============================
98
258
1484
2366
==============================
70
161
1457
1833
==============================
54
219
1429
1872
==============================
256
1172
1318
1349
==============================
460
1863
1910
2574
==============================
92
925
1489
3969
==============================
136
306
905
1030
==============================
143
259
1176
1459
==============================
113
1143
1220
2088
==============================
127
1240
2353
4896
==============================
152
503
859
2007
==============================
28
749
1365
2534
==============================
66
390
502
1245
==============================
356
475
565
2186
==============================
39
375
761
900
==============================
112
180
318
618
==============================
368
644
1944
4882
==============================
300
327
1179
1584
==============================
32
138
1083
1146
==============================
346
822
1013
1201
==============================
259
365
708
2106
==============================
252
401
1490
1587
==============================
82
208
210
653
==============================
32
908
924
924
==============================
550
1126
1439
1647
==============================
795
2056
2776
4623
==============================
37
301
326
578
==============================
245
1137
2304
2608
==============================
206
492
1043
==============================
282
704
1320
2052
==============================
89
931
1011
4075
==============================
4
142
181
364
==============================
70
133
1188
1546
==============================
159
343
546
1179
==============================
103
104
619
1244
==============================
886
1137
1260
1463
==============================
69
77
794
2358
==============================
622
1567
1622
3434
==============================
131
625
731
4982
==============================
330
634
2345
2427
==============================
432
578
1164
1256
==============================
642
1033
1546
2497
==============================
246
288
2012
2012
==============================
54
246
719
1013
==============================
72
823
1225
1675
==============================
501
1189
1461
1896
==============================
609
715
1257
2909
==============================
11
443
1690
2034
==============================
395
552
1091
1772
==============================
55
803
974
2355
==============================
236
1864
2636
3167
==============================
159
240
534
652
==============================
335
517
549
732
==============================
174
407
609
911
==============================
61
326
563
854
==============================
515
637
770
842
==============================
21
57
311
415
==============================
146
926
938
1715
==============================
395
494
743
1833
==============================
124
556
1498
==============================
660
842
974
1870
==============================
98
195
950
1871
==============================
436
1024
1418
2359
==============================
141
1347
1635
2037
==============================
18
258
1111
1279
==============================
4
214
268
1615
==============================
8
150
636
2155
==============================
505
531
1264
1639
==============================
96
773
1073
2509
==============================
430
805
892
1255
==============================
104
413
1534
1620
==============================
227
379
1366
1575
==============================
119
256
1462
3320
==============================
1
334
1709
2964
==============================
79
422
663
1810
==============================
7
195
508
2531
==============================
953
1993
2394
3713
==============================
62
396
539
2008
==============================
39
302
474
2375
==============================
237
1045
1560
==============================
146
468
867
1370
==============================
120
739
785
992
==============================
197
473
579
685
==============================
610
935
1467
2604
==============================
13
129
134
1863
==============================
1168
1459
2491
3059
==============================
384
772
851
2722
==============================
88
527
745
823
==============================
33
61
326
476
==============================
42
1014
1222
1472
==============================
738
910
1688
1882
==============================
46
110
335
1577
==============================
180
807
869
1488
==============================
486
543
671
986
==============================
102
199
992
1342
==============================
239
294
526
613
==============================
179
741
1060
==============================
132
529
539
561
==============================
66
444
468
1066
==============================
481
597
1308
2070
==============================
216
230
1802
2300
==============================
301
638
1063
2318
==============================
462
554
753
==============================
286
366
997
2037
==============================
266
694
1217
4335
==============================
5
301
709
2002
==============================
188
257
749
2535
==============================
551
1381
3233
3616
==============================
131
250
1068
1775
==============================
65
73
203
959
==============================
148
148
959
976
==============================
280
1068
1738
2910
==============================
376
434
1155
3054
==============================
17
62
756
1228
==============================
107
132
586
1256
==============================
212
503
1337
1605
==============================
162
369
401
1344
==============================
669
905
2254
3621
==============================
10
194
1288
1542
==============================
1195
1742
1962
2078
==============================
84
585
1390
3296
==============================
579
1541
1963
3331
==============================
53
248
374
1398
==============================
184
318
977
3660
==============================
442
823
1232
1734
==============================
89
611
689
1691
==============================
210
404
1247
1843
==============================
77
117
363
1422
==============================
128
972
1348
2174
