==============================
3
3
6
12
==============================
1
3
7
8
==============================
5
7
7
24
==============================
4
8
12
31
==============================
2
6
11
12
==============================
6
7
13
29
==============================
3
5
15
37
==============================
3
6
8
14
==============================
5
6
14
16
==============================
3
4
6
10
==============================
1
1
4
7
==============================
3
4
11
18
==============================
4
6
6
12
==============================
2
7
10
23
==============================
1
8
9
27
==============================
9
14
16
16
==============================
1
1
5
26
==============================
4
8
13
29
==============================
4
13
14
18
==============================
1
8
8
10
==============================
7
7
27
29
==============================
1
4
12
15
==============================
8
9
11
11
==============================
2
4
11
19
==============================
1
1
6
11
==============================
1
5
6
29
==============================
9
16
34
34
==============================
1
6
7
15
==============================
5
5
10
10
==============================
4
7
13
13
==============================
3
11
14
28
==============================
1
2
21
30
==============================
5
6
23
36
==============================
2
2
5
5
==============================
2
8
22
24
==============================
3
4
13
40
==============================
1
5
6
8
==============================
1
7
7
11
==============================
3
10
11
20
==============================
3
5
7
10
==============================
3
7
8
13
==============================
4
6
7
16
==============================
3
6
25
27
==============================
2
11
13
19
==============================
2
3
4
18
==============================
5
12
23
41
==============================
1
5
5
25
==============================
1
4
5
7
==============================
2
4
6
8
==============================
3
5
8
35
==============================
1
2
5
11
==============================
2
3
5
22
==============================
1
8
9
15
==============================
3
5
21
47
==============================
2
2
2
11
==============================
1
3
5
24
==============================
2
2
6
16
==============================
5
7
14
33
==============================
1
4
5
6
==============================
2
2
3
38
==============================
4
9
26
29
==============================
3
10
16
36
==============================
2
3
10
11
==============================
3
9
11
29
==============================
1
2
3
27
==============================
1
1
2
4
==============================
2
12
15
24
==============================
1
5
28
37
==============================
3
10
10
16
==============================
1
10
15
17
==============================
13
17
37
63
==============================
3
6
8
13
==============================
3
9
10
12
==============================
3
4
7
13
==============================
2
7
8
10
==============================
3
5
6
11
==============================
1
2
3
10
==============================
1
1
10
16
==============================
2
6
7
44
==============================
1
2
5
15
==============================
1
5
17
25
==============================
2
2
5
7
==============================
1
3
6
6
==============================
1
5
8
25
==============================
4
10
12
15
==============================
1
4
8
33
==============================
1
5
14
16
==============================
5
5
10
12
==============================
4
10
15
18
==============================
7
7
8
11
==============================
2
2
3
19
==============================
2
7
9
16
==============================
1
4
8
15
==============================
1
2
17
22
==============================
7
13
21
22
==============================
2
4
5
10
==============================
1
3
6
9
==============================
3
4
4
14
==============================
5
7
9
15
==============================
7
16
18
23
==============================
3
7
10
19
==============================
1
2
3
30
==============================
1
6
7
12
==============================
1
2
6
7
==============================
5
8
8
24
==============================
4
4
11
18
==============================
2
4
7
18
==============================
2
4
22
25
==============================
4
6
16
31
==============================
5
8
14
33
==============================
5
9
10
17
==============================
2
7
10
31
==============================
2
2
12
18
==============================
1
9
14
32
==============================
6
9
9
16
==============================
1
4
16
29
==============================
5
8
14
19
==============================
1
3
17
22
==============================
2
13
14
20
==============================
2
6
15
31
==============================
2
3
3
9
==============================
2
6
7
14
==============================
7
8
8
10
==============================
2
4
10
12
==============================
3
4
6
10
==============================
2
8
21
25
==============================
1
1
2
18
==============================
2
5
6
8
==============================
2
6
9
27
==============================
1
4
12
19
==============================
2
3
5
13
==============================
11
16
18
27
==============================
1
2
8
9
==============================
4
6
10
16
==============================
2
3
5
15
==============================
2
6
6
10
==============================
1
8
8
25
==============================
4
8
9
10
==============================
5
5
11
18
==============================
4
5
10
12
==============================
1
6
25
36
==============================
2
3
7
7
==============================
2
6
8
10
==============================
1
2
6
13
==============================
4
8
9
12
==============================
1
3
4
29
==============================
2
4
12
92
==============================
4
7
9
11
==============================
1
9
15
19
==============================
3
5
23
51
==============================
6
12
19
24
==============================
9
10
24
39
==============================
6
7
21
29
==============================
1
3
6
15
==============================
2
8
9
35
==============================
1
3
13
18
==============================
2
6
21
36
==============================
4
10
17
33
==============================
2
2
5
9
==============================
3
14
22
24
==============================
2
2
6
12
==============================
5
6
10
10
==============================
2
2
4
25
==============================
1
9
14
17
==============================
1
5
10
11
==============================
2
5
11
19
==============================
7
9
17
18
==============================
2
5
7
18
==============================
1
9
12
24
==============================
1
4
18
22
==============================
2
8
14
46
==============================
2
3
14
37
==============================
2
19
22
42
==============================
1
2
3
5
==============================
3
4
4
5
==============================
2
17
18
24
==============================
1
1
2
18
==============================
1
7
10
15
==============================
2
3
25
34
==============================
1
9
22
31
==============================
2
2
4
7
==============================
3
16
33
43
==============================
1
7
30
38
==============================
9
13
13
17
==============================
1
2
4
5
==============================
1
1
18
23
==============================
3
8
9
31
==============================
2
3
5
8
==============================
1
2
3
3
==============================
2
5
13
17
==============================
3
5
11
13
==============================
2
2
3
15
==============================
3
8
12
30
==============================
6
6
10
13
==============================
2
4
10
27
==============================
5
5
11
36
==============================
1
4
4
15
==============================
4
5
8
10
==============================
5
8
12
13
==============================
2
10
12
18
==============================
1
1
4
6
==============================
11
13
13
49
==============================
2
4
7
28
==============================
1
4
9
10
==============================
2
4
7
36
==============================
1
1
5
25
==============================
2
11
12
15
==============================
2
10
11
15
==============================
1
14
22
30
==============================
1
6
9
34
==============================
1
2
2
22
==============================
1
3
3
21
==============================
2
3
10
11
==============================
1
3
6
9
==============================
1
1
1
10
==============================
2
5
9
15
==============================
1
13
14
38
==============================
1
7
8
9
==============================
2
3
3
6
==============================
2
6
14
25
==============================
1
2
4
6
==============================
1
4
6
6
==============================
1
2
7
16
==============================
1
4
11
13
==============================
8
8
16
18
==============================
2
4
10
16
==============================
2
3
18
27
==============================
1
6
7
7
==============================
3
5
21
27
==============================
1
7
9
10
==============================
2
5
6
10
==============================
8
10
28
60
==============================
1
1
2
12
==============================
15
18
18
33
==============================
2
4
6
10
==============================
1
8
13
56
==============================
1
2
4
5
==============================
1
11
14
40
==============================
5
9
16
29
==============================
1
5
6
6
==============================
3
9
12
14
==============================
3
5
9
32
==============================
2
12
20
24
==============================
4
6
15
28
==============================
3
12
20
26
==============================
3
5
12
12
==============================
3
5
7
12
==============================
2
4
5
12
==============================
15
23
24
28
==============================
7
14
14
21
==============================
2
3
9
33
==============================
3
5
7
20
==============================
4
9
15
19
==============================
8
15
16
16
==============================
1
2
8
10
==============================
1
7
12
27
==============================
1
3
13
22
==============================
4
5
6
12
==============================
4
4
10
12
==============================
6
6
29
42
==============================
2
3
4
6
==============================
1
4
5
5
==============================
1
5
6
20
==============================
1
5
8
9
==============================
3
5
8
8
==============================
4
7
9
24
==============================
1
10
13
17
==============================
1
3
5
6
==============================
1
4
8
17
==============================
3
7
16
44
==============================
7
11
22
22
==============================
3
3
7
9
==============================
2
5
12
32
==============================
10
12
20
20
==============================
1
2
6
21
==============================
1
6
9
15
==============================
8
10
32
41
==============================
2
7
8
10
==============================
1
2
12
28
==============================
1
8
8
9
==============================
3
4
10
13
==============================
1
2
5
19
==============================
5
8
11
26
==============================
3
7
13
21
==============================
2
8
8
20
==============================
1
7
7
9
==============================
4
6
11
13
==============================
13
14
14
33
==============================
3
3
6
12
==============================
2
2
4
6
==============================
6
9
12
27
==============================
7
7
13
14
==============================
2
3
10
13
==============================
1
3
17
28
==============================
1
3
8
30
==============================
2
6
8
9
==============================
3
6
7
11
==============================
2
4
6
9
==============================
1
2
4
15
==============================
5
11
11
20
==============================
2
3
4
9
==============================
2
5
17
27
==============================
3
4
4
11
==============================
4
11
15
37
==============================
1
2
4
8
==============================
1
9
12
13
==============================
1
6
7
11
==============================
1
4
8
17
==============================
1
3
5
27
==============================
1
6
8
19
==============================
2
5
6
7
==============================
1
3
7
12
==============================
2
2
4
5
==============================
3
4
12
30
==============================
2
3
7
8
==============================
1
4
12
21
==============================
6
7
25
46
==============================
3
3
4
6
==============================
3
3
10
10
==============================
2
7
19
35
==============================
6
7
16
22
==============================
1
11
13
15
==============================
1
3
22
23
==============================
2
6
9
25
==============================
5
6
7
11
==============================
4
9
16
23
==============================
2
5
6
7
==============================
1
3
3
13
==============================
5
7
17
18
==============================
8
9
16
28
==============================
2
5
7
16
==============================
12
13
14
39
==============================
8
9
10
17
==============================
3
8
11
21
==============================
1
2
5
13
==============================
1
1
11
25
==============================
1
3
14
28
==============================
2
3
4
8
==============================
1
7
7
9
==============================
3
5
6
16
==============================
2
2
3
34
==============================
2
5
6
13
==============================
2
2
3
15
==============================
5
9
15
16
==============================
4
13
20
23
==============================
5
6
6
20
==============================
2
5
12
14
==============================
7
10
17
56
==============================
4
4
12
13
==============================
1
2
7
29
==============================
4
7
17
20
==============================
2
3
6
9
==============================
1
3
11
13
==============================
2
5
6
7
==============================
4
9
10
22
==============================
3
4
6
15
==============================
4
4
14
17
==============================
2
11
12
18
==============================
5
8
14
21
==============================
1
11
17
19
==============================
4
5
18
26
==============================
1
3
4
23
==============================
6
8
9
26
==============================
1
1
3
3
==============================
4
14
26
31
==============================
3
10
12
15
==============================
3
3
10
13
==============================
3
12
22
23
==============================
5
12
19
37
==============================
1
12
13
13
==============================
1
1
4
4
==============================
1
2
10
16
==============================
4
12
15
16
==============================
1
4
19
24
==============================
10
10
25
26
==============================
1
10
11
32
==============================
1
1
6
11
==============================
1
4
9
18
==============================
2
4
6
19
==============================
2
7
10
36
==============================
2
4
12
18
==============================
3
5
6
10
==============================
5
10
11
18
==============================
2
15
16
22
==============================
3
3
4
16
==============================
2
3
17
28
==============================
2
3
13
24
==============================
4
9
14
17
==============================
2
3
11
19
==============================
1
1
2
4
==============================
3
11
11
12
==============================
2
3
7
17
==============================
2
3
9
14
==============================
5
7
8
11
==============================
1
2
6
9
==============================
2
5
5
6
==============================
1
2
10
17
==============================
5
10
13
18
==============================
3
5
8
12
==============================
1
6
19
41
==============================
1
3
4
13
==============================
2
9
11
14
==============================
4
6
7
7
==============================
2
10
12
30
==============================
3
9
12
49
==============================
1
10
22
24
==============================
1
3
4
35
==============================
7
9
12
24
==============================
3
6
8
10
==============================
2
9
11
14
==============================
2
3
6
14
==============================
2
5
6
36
==============================
1
9
11
15
==============================
1
5
6
12
==============================
1
8
12
22
==============================
3
5
15
27
==============================
4
5
7
10
==============================
9
11
17
30
==============================
1
9
13
15
==============================
7
8
9
63
==============================
7
7
8
11
==============================
2
7
8
22
==============================
11
18
18
24
==============================
5
5
10
20
==============================
1
3
4
5
==============================
1
6
12
24
==============================
6
8
9
19
==============================
1
3
10
15
==============================
7
9
12
40
==============================
1
3
9
14
==============================
4
7
11
55
==============================
2
4
7
16
==============================
2
6
10
22
==============================
2
2
17
26
==============================
4
4
7
34
==============================
1
7
16
30
==============================
3
6
7
20
==============================
1
6
19
42
==============================
3
12
18
24
==============================
3
6
8
13
==============================
3
3
5
10
==============================
1
5
14
21
==============================
1
13
20
27
==============================
5
13
29
46
==============================
5
10
13
13
==============================
16
19
23
34
==============================
2
8
8
10
==============================
2
4
7
12
==============================
1
2
4
15
==============================
4
5
9
10
==============================
1
6
11
14
==============================
5
5
11
12
==============================
8
8
12
18
==============================
1
6
10
21
==============================
2
5
6
14
==============================
4
10
11
11
==============================
3
11
11
15
==============================
4
4
8
44
==============================
1
1
1
14
==============================
1
3
10
51
==============================
12
14
16
33
==============================
4
5
14
19
==============================
2
5
8
11
==============================
2
4
4
7
==============================
2
8
9
21
==============================
1
3
13
14
==============================
4
7
14
15
==============================
1
2
3
19
==============================
2
3
18
24
==============================
1
1
4
4
==============================
2
9
11
43
==============================
4
7
9
13
==============================
3
4
25
38
==============================
2
4
11
17
==============================
1
3
13
39
==============================
3
4
10
17
==============================
3
5
9
23
==============================
4
5
6
50
==============================
3
6
7
36
==============================
3
3
12
17
==============================
4
8
11
11
==============================
7
8
16
18
==============================
5
7
10
12
==============================
1
1
3
18
==============================
2
2
4
12
==============================
2
2
7
8
==============================
4
6
17
25
==============================
1
4
7
25
==============================
2
7
16
17
==============================
3
3
12
19
==============================
5
5
20
34
==============================
2
6
10
27
==============================
2
2
4
5
==============================
5
9
9
9
==============================
4
4
17
17
==============================
14
16
20
30
==============================
7
7
8
9
==============================
2
3
12
22
==============================
7
11
15
19
==============================
4
8
37
50
==============================